syms C s R R2 Vout Vin
A = [1 0 -C*s 0 0 0 0 0 0 0 0 1;...
     0 0 C*s 0 -C*s 0 0 0 0 0 0 0;...
     1 0 0 -R 0 0 0 0 0 0 0 0 ;....
     0 0 0 R -R 0 0 0 0 0 0 0 ;....
     0 0 0 2*C*s 0 0 0 0 0 0 0 0 ;....
     0 0 0 0 R/2 0 -R/2 0 0 0 0 0 ;....
     0 0 0 0 0 -R2 R2 0 0 0 0 0 ;....
     0 0 0 0 0 0 R1 0 0 0 0 0 ;....
     0 0 0 0 0 0 0 0 1 1 0 0 ;....
     0 0 0 0 0 0 0 0 0 1 0 0 ;....
     0 0 0 0 0 0 0 0 0 0 1 1 ;....
     0 0 0 0 0 0 0 0 0 1 0 0]
b = [C*s*Vin; 0; 0; 0; 0; 0; 0; 0; 1; 0; 0; 0;]
x = A\b
